# Created by Octave 3.7.7, Sun Jul 12 17:12:28 2015 EDT <rtfinn@rtfinn-H61M-DS2>
# name: A
# type: matrix
# rows: 50
# columns: 50
 0 1 1 1 0 1 1 1 1 1 1 1 0 0 0 1 1 1 1 0 0 1 1 1 1 0 0 1 1 1 1 1 1 1 1 1 1 0 1 0 0 0 1 0 1 0 1 0 0 1
 1 0 1 1 1 1 1 1 0 1 1 1 0 1 0 1 1 0 1 1 1 1 1 1 1 1 1 1 1 1 1 1 1 1 0 1 1 0 1 1 0 0 1 0 0 1 1 1 1 1
 1 1 0 1 0 1 1 1 0 1 1 0 0 1 0 1 1 1 0 1 0 0 1 1 1 1 0 0 1 1 1 1 1 1 1 1 0 1 1 0 1 1 1 1 1 1 1 1 0 1
 1 1 1 0 0 1 1 0 1 0 0 1 1 1 0 1 1 1 0 1 1 1 0 1 1 1 1 1 0 1 1 0 0 1 0 0 1 1 1 1 1 1 1 1 0 1 0 1 1 0
 0 1 0 0 0 0 0 1 1 1 0 1 1 1 1 1 1 1 1 0 0 0 1 0 0 1 1 0 1 1 1 1 1 1 1 1 1 1 1 1 1 1 1 1 1 1 0 1 1 1
 1 1 1 1 0 0 1 1 1 0 1 0 0 1 1 1 1 1 1 1 1 1 0 1 0 1 1 1 1 1 1 0 1 1 1 1 1 1 0 0 1 0 1 0 0 1 1 0 0 1
 1 1 1 1 0 1 0 1 1 1 1 1 1 1 1 0 1 1 1 1 1 1 1 0 1 1 1 0 1 1 1 1 1 1 1 1 1 0 1 1 1 1 1 0 1 1 1 1 1 1
 1 1 1 0 1 1 1 0 0 1 1 1 1 0 0 1 1 1 1 1 1 0 0 1 1 0 1 1 1 0 1 1 1 1 0 0 1 1 0 1 0 1 1 0 1 1 1 1 1 1
 1 0 0 1 1 1 1 0 0 0 1 1 0 1 0 1 1 0 0 1 1 1 1 1 1 1 1 1 0 0 1 1 0 0 1 1 0 1 1 1 0 1 1 1 1 0 1 0 1 0
 1 1 1 0 1 0 1 1 0 0 1 0 1 0 0 1 1 1 1 1 1 0 1 0 1 1 1 0 1 1 1 1 1 0 1 1 0 0 1 0 0 1 0 1 1 1 1 1 1 1
 1 1 1 0 0 1 1 1 1 1 0 1 0 1 1 1 1 1 0 0 1 1 1 1 1 1 1 0 1 1 1 0 0 1 1 1 0 1 0 1 0 1 1 1 1 1 0 1 1 1
 1 1 0 1 1 0 1 1 1 0 1 0 1 1 1 1 1 1 0 0 1 0 1 1 0 1 1 1 1 1 1 1 1 0 1 1 1 1 1 1 1 0 1 1 1 1 1 0 1 1
 0 0 0 1 1 0 1 1 0 1 0 1 0 1 1 1 1 0 1 0 1 0 1 0 0 1 1 1 1 1 1 1 1 1 0 0 1 0 1 1 0 1 0 1 0 1 1 1 1 1
 0 1 1 1 1 1 1 0 1 0 1 1 1 0 1 1 1 0 1 1 0 1 1 1 1 1 1 0 0 0 0 1 1 1 1 1 1 1 1 1 1 1 1 1 0 1 1 1 1 0
 0 0 0 0 1 1 1 0 0 0 1 1 1 1 0 1 1 0 1 0 1 1 0 1 0 0 1 0 1 0 1 1 0 1 0 1 1 1 1 1 1 1 0 1 1 1 0 1 1 1
 1 1 1 1 1 1 0 1 1 1 1 1 1 1 1 0 1 1 1 1 0 1 1 1 0 1 1 0 1 1 0 0 1 1 1 1 0 1 1 0 1 1 1 0 1 1 0 1 1 0
 1 1 1 1 1 1 1 1 1 1 1 1 1 1 1 1 0 0 0 1 0 1 1 1 0 0 1 1 1 1 1 1 1 1 0 1 0 1 1 0 1 1 1 1 1 1 1 1 0 1
 1 0 1 1 1 1 1 1 0 1 1 1 0 0 0 1 0 0 1 0 0 0 0 1 0 0 1 1 1 1 1 0 1 1 0 1 1 1 1 1 1 1 0 1 1 1 0 1 0 1
 1 1 0 0 1 1 1 1 0 1 0 0 1 1 1 1 0 1 0 1 1 1 0 1 1 1 1 1 1 1 0 1 1 1 1 1 1 1 1 0 1 1 1 1 0 1 0 1 1 0
 0 1 1 1 0 1 1 1 1 1 0 0 0 1 0 1 1 0 1 0 1 0 1 1 1 1 1 1 1 0 1 0 0 0 0 1 1 1 1 0 1 1 1 1 1 1 0 1 1 0
 0 1 0 1 0 1 1 1 1 1 1 1 1 0 1 0 0 0 1 1 0 1 1 1 1 1 1 1 1 1 1 0 0 1 1 1 0 1 1 0 1 1 0 1 1 0 1 1 0 1
 1 1 0 1 0 1 1 0 1 0 1 0 0 1 1 1 1 0 1 0 1 0 1 1 1 0 1 1 1 1 0 0 1 1 1 0 1 1 1 1 1 1 0 1 1 1 1 0 1 0
 1 1 1 0 1 0 1 0 1 1 1 1 1 1 0 1 1 0 0 1 1 1 0 1 1 0 1 0 1 0 1 1 1 0 1 1 1 1 1 1 1 1 1 1 1 0 1 0 0 1
 1 1 1 1 0 1 0 1 1 0 1 1 0 1 1 1 1 1 1 1 1 1 1 0 1 0 1 1 1 1 1 0 1 1 1 1 1 1 1 1 1 1 1 1 1 0 1 0 1 0
 1 1 1 1 0 0 1 1 1 1 1 0 0 1 0 0 0 0 1 1 1 1 1 1 0 1 1 0 1 1 1 1 1 0 1 0 0 0 0 1 1 1 0 1 1 0 1 1 1 1
 0 1 1 1 1 1 1 0 1 1 1 1 1 1 0 1 0 0 1 1 1 0 0 0 1 0 0 0 0 1 1 0 1 0 1 1 0 0 1 1 1 1 1 1 0 1 1 1 1 1
 0 1 0 1 1 1 1 1 1 1 1 1 1 1 1 1 1 1 1 1 1 1 1 1 1 0 0 1 0 0 0 1 1 0 1 1 1 1 0 1 1 1 1 1 1 1 1 0 1 1
 1 1 0 1 0 1 0 1 1 0 0 1 1 0 0 0 1 1 1 1 1 1 0 1 0 0 1 0 1 1 0 0 0 1 0 1 1 1 1 1 1 1 1 1 1 1 0 1 0 1
 1 1 1 0 1 1 1 1 0 1 1 1 1 0 1 1 1 1 1 1 1 1 1 1 1 0 0 1 0 1 0 1 1 1 1 1 1 1 1 0 1 0 0 1 1 1 1 1 0 1
 1 1 1 1 1 1 1 0 0 1 1 1 1 0 0 1 1 1 1 0 1 1 0 1 1 1 0 1 1 0 0 1 1 1 0 1 1 1 1 1 1 1 0 1 1 1 1 0 1 1
 1 1 1 1 1 1 1 1 1 1 1 1 1 0 1 0 1 1 0 1 1 0 1 1 1 1 0 0 0 0 0 1 1 1 1 0 1 1 1 0 0 1 1 1 1 1 1 1 0 0
 1 1 1 0 1 0 1 1 1 1 0 1 1 1 1 0 1 0 1 0 0 0 1 0 1 0 1 0 1 1 1 0 0 1 1 1 1 0 1 1 1 0 1 1 1 1 0 0 0 1
 1 1 1 0 1 1 1 1 0 1 0 1 1 1 0 1 1 1 1 0 0 1 1 1 1 1 1 0 1 1 1 0 0 1 1 1 1 1 1 1 1 1 1 1 1 1 1 0 1 0
 1 1 1 1 1 1 1 1 0 0 1 0 1 1 1 1 1 1 1 0 1 1 0 1 0 0 0 1 1 1 1 1 1 0 1 1 1 1 1 1 1 1 0 0 1 0 1 1 1 1
 1 0 1 0 1 1 1 0 1 1 1 1 0 1 0 1 0 0 1 0 1 1 1 1 1 1 1 0 1 0 1 1 1 1 0 0 1 1 1 1 1 1 1 0 1 1 1 0 1 1
 1 1 1 0 1 1 1 0 1 1 1 1 0 1 1 1 1 1 1 1 1 0 1 1 0 1 1 1 1 1 0 1 1 1 0 0 1 1 1 1 1 1 1 0 1 1 1 0 1 0
 1 1 0 1 1 1 1 1 0 0 0 1 1 1 1 0 0 1 1 1 0 1 1 1 0 0 1 1 1 1 1 1 1 1 1 1 0 1 1 0 1 0 0 0 1 1 1 1 0 1
 0 0 1 1 1 1 0 1 1 0 1 1 0 1 1 1 1 1 1 1 1 1 1 1 0 0 1 1 1 1 1 0 1 1 1 1 1 0 0 1 1 1 0 1 1 0 1 1 0 1
 1 1 1 1 1 0 1 0 1 1 0 1 1 1 1 1 1 1 1 1 1 1 1 1 0 1 0 1 1 1 1 1 1 1 1 1 1 0 0 0 0 1 1 1 1 1 1 1 1 0
 0 1 0 1 1 0 1 1 1 0 1 1 1 1 1 0 0 1 0 0 0 1 1 1 1 1 1 1 0 1 0 1 1 1 1 1 0 1 0 0 1 1 0 1 1 1 1 0 1 0
 0 0 1 1 1 1 1 0 0 0 0 1 0 1 1 1 1 1 1 1 1 1 1 1 1 1 1 1 1 1 0 1 1 1 1 1 1 1 0 1 0 1 0 1 1 1 0 1 0 1
 0 0 1 1 1 0 1 1 1 1 1 0 1 1 1 1 1 1 1 1 1 1 1 1 1 1 1 1 0 1 1 0 1 1 1 1 0 1 1 1 1 0 1 0 1 1 0 1 0 1
 1 1 1 1 1 1 1 1 1 0 1 1 0 1 0 1 1 0 1 1 0 0 1 1 0 1 1 1 0 0 1 1 1 0 1 1 0 0 1 0 0 1 0 1 0 1 1 1 1 0
 0 0 1 1 1 0 0 0 1 1 1 1 1 1 1 0 1 1 1 1 1 1 1 1 1 1 1 1 1 1 1 1 1 0 0 0 0 1 1 1 1 0 1 0 1 1 1 1 0 1
 1 0 1 0 1 0 1 1 1 1 1 1 0 0 1 1 1 1 0 1 1 1 1 1 1 0 1 1 1 1 1 1 1 1 1 1 1 1 1 1 1 1 0 1 0 1 1 1 0 1
 0 1 1 1 1 1 1 1 0 1 1 1 1 1 1 1 1 1 1 1 0 1 0 0 0 1 1 1 1 1 1 1 1 0 1 1 1 0 1 1 1 1 1 1 1 0 0 0 1 1
 1 1 1 0 0 1 1 1 1 1 0 1 1 1 0 0 1 0 0 0 1 1 1 1 1 1 1 0 1 1 1 0 1 1 1 1 1 1 1 1 0 0 1 1 1 0 0 1 0 1
 0 1 1 1 1 0 1 1 0 1 1 0 1 1 1 1 1 1 1 1 1 0 0 0 1 1 0 1 1 0 1 0 0 1 0 0 1 1 1 0 1 1 1 1 1 0 1 0 1 0
 0 1 0 1 1 0 1 1 1 1 1 1 1 1 1 1 0 0 1 1 0 1 0 1 1 1 1 0 0 1 0 0 1 1 1 1 0 0 1 1 0 0 1 0 0 1 0 1 0 1
 1 1 1 0 1 1 1 1 0 1 1 1 1 0 1 0 1 1 0 0 1 0 1 0 1 1 1 1 1 1 0 1 0 1 1 0 1 1 0 0 1 1 0 1 1 1 1 0 1 0


